0 0.057813 0.475000 0.018750 0.021875
1 0.064062 0.523438 0.056250 0.118750
0 0.358594 0.475781 0.020313 0.020313
0 0.499219 0.478906 0.026562 0.035937
0 0.810937 0.477344 0.018750 0.020313
0 0.422656 0.476562 0.017188 0.018750
0 0.921875 0.475781 0.018750 0.017188
0 0.846875 0.474219 0.015625 0.014063
1 0.503125 0.571094 0.100000 0.207813
1 0.359375 0.525000 0.056250 0.118750
1 0.423438 0.511719 0.043750 0.095312
1 0.808594 0.509375 0.035937 0.084375
1 0.846094 0.508594 0.032813 0.076563
1 0.921094 0.509375 0.042188 0.087500
